71   3  72 126   1 120  66  68
78 107  22 125  67 112  27 118
5 105  56  70  91  76  27  52
7  39  46  85  87  97  71 117
119  66  32  56   9  53   6   1
119  77  85  19   8   7  35 119
50  79  60  29  48  69  79  70
84  64 102  32  29  19  27  51
12  16   9 125  52  75   2  89
17  33   0  38  26 120  93  36
25  71  70  33  59  90 109  86
99  79 126  12  68 101  85   3
47 118 110  19  41  65  28  20
65 109 126 124  33  75  47  71
98  92  62  28  37  19  94  45
95  91  94  95 116  92  91  43
8 122  52  67  17  31  62 121
49  59  57  93  68   9   3  38
53  19  12  84  21 120  10  19
110 109 110  97  84   2  22 115
62  39  68  85  20 110  79  82
9  18  24  19  43  57  64  11
56 118  24  18  52  18  89  79
56  12  22  92  13  94 110  37
122   2   6  17  89  53  55 101
112 123   3 101 127  99  78  60
22  12  74  29  41 104  52  43
102  64  62  22  70 120  76   7
99  21  98  63   9 124  93 123
15 124  98  26 104  15  21   1
117  93  11  63  29   2   1 109
32  17  78  88  40  89  22  99
34 103  65  38  75  76  43  91
14  32  29 123  13  70 125  36
126 114  65  62  56 105  41  94
13   8  46 106  91   8  54 127
94   0   9  15  72  43   8  79
20 108  29  80  23  15 110 107
88  82  86  99  33  36  21  70
86  44  70  20   6  13  18  35
64 105  36  66  40  36  92  29
73 106  72  97  45 115  80  32
43   5  48 118   1  59  44 109
35   6 126  30  82 113  20  25
111  41 120   7  18  60  16  14
87  33   7 117 120 121  11   9
33  20  57  63 127  55  85  26
27  28  63  79 102  59  34  40
20  72 111  38  46 125  10 106
99  25  67  85  32  41   7 111
96   6  87   5  68  31 122  23
102 120 111 113 107 115  38  23
87  79 112 102  37 110  51 121
24  91  98  74  76  11  44  25
16  99 116  18 120 123   2  42
45  34 120  74   8  34   7  47
95  69  98  17  31  23 115   2
27 110  78  26  36  40  99  81
90  52 119  44  65  84  85  28
24  32  64  35 102  79  45  56
85  50  47 109  67   1  51  79
23  90 109  13  81   7  18  93
102   0  72  28  74  48  91  52
78 124  49  67  44   2   0 122
96  30  62  67  58  51  89  38
50  40  41 109 123  48  35   6
91  79  79  42  57  26 124  60
120  62  50 116   3  67 104  60
41  18 119  90  44  53  79  80
20  95 104   0  73  44 124  20
97  41 116  29  55  23  32 122
61 108  42 124  19  27  77  72
88  21  66 124  64  16 123  21
102   7  20  16 100   2   7  79
34  23  31  63 107  49  47  56
70  16   3  36   3  17  23 100
20  48   7 111  30  75  71  60
80  41  20  99 116  58  42 127
67  32  56  86 126 111  17  60
58  49  36  52 124  46  46  89
5 106  46 124 111 110  26  15
121  75  80  65  32  93  79 107
111  77  39  43  23  89  46  78
66  88 117 116  37 120 122 110
84  75  31 107  91   2  91  84
10 120  48 116  16 114  93  92
76  37  84   6  95 120 110  56
6  12  94  43  39 121 100 109
41  91  67   4   9  14 116  84
42  53  28  67 109   1  60  26
2  48  39  46 126  83  58  65
45  85  71  35  41  57  82  28
43  35   0  15  34  26  76  87
2  12 124 117  95  18  83 109
58 118   9 109  27 115 120  48
96  59  24  34  84  63  45  69
3  42  63  83  77  46  75  37
58   4  56  83  13  46  12  29
28   0  96   9  94  94  18  78
70  71  57 113  79  19  94  46
89 120 105  25  51  83  89   5
121  37  56  37  32  92  78 113
79  85  22  75 112  30 110  99
8   0  18  88  67  61  75  32
84  22 100  41 123  16  94  64
103 120 101  51  63  37   2  50
124 125  17 123 121  59 118  55
77 111  12  30  88  69  94  98
28  11  26  75  78 110  66  30
45   4  37  68  19  16  14  40
74   1  59  97  32  59  16  17
62  26  13  13  53  52 126  62
90  95 113  71  84 116 109 103
115  82  97  33  68  37  91  27
98 104 122  69  14  40  38  58
2  11 126 107   3  18  18 122
54  27  83 100  52  42  72  99
96 104   2  19 121 108  81  83
107  58  56 110 107   9  31 123
66  74  72   1 105 101   4  95
87  70  39 107  23  24  57  90
29  80 110  96  90 110  88  23
14 127  92  37  94 103  99  26
38  93  81  23  16  55  59  53
102 104  85  36  36  71  41  19
82  18  15  80  16  50  89  49
115  64  78  50  15  73  90  95
85  78   3 117  32  15  31  68
10  10  68  87   4  62   1  87
38  52  75  45  67  64  58 103
65   5 118  93  39  55 108  20
120  37  69  98  64 118  24  83
108  50  94  76  94   5  39 110
65  64  12  61  26  33 101   2
32  84  60 110  78  57   1 127
54 104 126  40  24 115  14  44
51 107  10  75  91  37   5  32
76  61  57  74  62  92  64  74
58  55   8  44  43  88   1 106
56  33  24  13  81  14 105  21
8  58  48  27  35  37   1  53
111  52  58  26  87 121  53   6
52  53  66  96 103  27  84  27
38  87 122  90  19  79  17  87
19  41  57   5  93  13   5 116
81  44 119 117  12   1  43   0
57  86  82  82  41  11  98  90
39  19  12  86   5  63 111  58
123  63  11  81  50 102 120  38
27  45  87  37   5 123  10 126
111  35  32  74  26  46  19 113
99  92  54  75  80 101 105   5
105   4  15  71  73  54  66  19
116  64  69 113 107 111  57  73
126  35  20  16  98  15  80  38
3  58  96 127  27  73 104   2
4   1  45  46  75   8  75   3
5 107  38  32 102 101  34  41
15  95  23 107  40  51 127  67
47  53 114  59  15 116  85 119
117  61  78  80  95  97 122  62
118  56  99 123  29 102  44 101
74  93  15  37  20  36  10  14
14  86  84  71  84 109  22  45
99  64  88 115  46  75  57  11
110  47 100  74  57 121  63  71
86  39 102   4  80 105  87  80
73  36 111 107  17  60  21 108
119  19  53  96  95  77 112  52
21  87  17  85  97  39  67  21
92  69   2  81   1  10  80  80
7  39  41 111 111 106  56 123
89  61  75  95  27 112   5 127
20  56  82  99  62 119  32  24
3  61  77  83  82  15  91  88
113 104 107  26  21 126 105  36
48  70   4  55  10  58  97  53
19  90  16  61 120 113  63  24
116  25  45  84 105   1  98  46
47 110  30  54  43   0  15  45
36  55  70  50  83  53 108  30
57  70  49  44  54  29   6  93
86  97  12  26 110 104  76  27
104  66  40   9  91 121  17  95
95  23 123  22  31 105  14   1
47   3  31 118  32   4  94  46
82  27  81 110  10  74   1 103
68 106 115  92  75 112  89   2
6 110  10  44  21  93  48  39
29  25  64  99  95  45  48  84
16  81 100  24 100  49 105  90
109 112 101 118  35 109  78  94
68  69  91  60  94  25  56  89
41  17 126  61  27  32  98  24
55  10  45  96  38  36 108  60
8  91 104  33  12 120  88  58
62  35  86  14  33  37  16  93
126 114  64  74 123 102  94  64
111  79  19  14 117  44 114  84
64  52  99  35  46  26  95  96
31  16  99 105   7  10  30 123
66  68 109  84  40   6  10  20
98  39   1 105 124  80  99 107
58   2  61  69  48  90  75  22
13  20 106  23  56  79  76 125
30  15 111  33  74   8  80  94
54  26  92  58  96  24  39  73
33  77  96  79  58  65   5  37
48  56  83  94  91 124   1  41
57  92  45 121   8 117  23 100
19  48  13  73  76  12  38  54
27  30  51   9 118  86 115  85
50   3   6   7  24  25  36  73
60  50  15  38  10  84  70 111
34 114 124  94 102  53  72 122
80 124  30  58  10  33 126 109
56 126 107  89  24  47  31  35
78  26 125 111 121  45  71  71
10 103  17  65  86  26 118  92
106 111   9  44  30  42  14  55
109  47 107  30   3  69  89   0
24  27  95  27 125   9   1  52
116  23  53  57  69  67  22  38
14 127  92  37  91 122  12 121
118  32 108  28   1 100  58  39
65  61  29 115  61 110  92 126
8  11  78  16  91  57  18  30
102  53 127 110 104  24  94 124
126  89  87  29  56  19  42  98
114   8  32  63  98 103  64 108
109  74  69  12  63   3  80  13
26  24  91  79 110  12 110   8
43  96  21 103  83  90  17 119
83   5  78  71  19 121  21  72
76  92   3 118  26  41  58  58
82  48  86  15  21  95  35 101
37  63  13  66 120  65  87  47
11  59  16  82 121  46  67  88
76  74 111  22  19  52  54 111
53   6  89 120   4  24 100  90
21 126  38 120  80  81 100  82
67  51  79  41  59  13  50 101
22  27 112  51  83  43  46 114
107  33  77  80 100  63  27  48
35  35  74  80   2  17  33  40
34 115 113  21   3  30  75  54
81  87 112  22   1  22   9  12
29  10  24  96  92  92  47  47
118  56  96  17  54  10 116 120
81   5  95  92 118 106 116  21
38   7  86   8  70 126  47   5
115  71  36 112  21 120   8  31
55  68  79   4  22  66  70  12
119 112   2  70  62 120  22  72
61  50  10  79  74 105   8  37
20  98  87  72  55  26  14  72
13  80   1 113  71  67   0  42
61  61  65  29   3  80  26  24
61  96 115  51  52  98 124  52
41  98  27  47 105  75  41 114
33  99  93  32 116  21   8  27
75 115   3  39 108 123 102  77
79  25 123 126  44 110 115 121
89  80  87 111  83  18  65 100
27   5  75  88  67  62  72  39
72  26  50  46  34   0 100  47
26 102   9 118  92  23  85  61
77  51 115  78  30 119  62 103
34  62  51  98  92  72  38  21
93  59  53 120  77 103 123   5
71  78   6 101 106 100  10  72
44  19  86  21 114   2   8  67
94  23 125   6 104  59  12  47
49  93 116  77  19  57  18  25
125  90  88  17 126  93 122  98
31 121 106  11 118  60   7  64
120  23  18  12  15  29  97  59
109   8  87 119  31 125  19  49
101  17 104  67  65  11  13  83
78 107  22 122  83  44  35  37
24  71  88  60 120 120  13   2
56  68  70  61  23  59 101  22
38 123  30  66  90 117  44  98
96 116  66  40  48  91  69  60
101  45  56  94  76  83 120  76
59  26  41 102  36 124 112  16
105  32  98  88 114  36  61  89
126  25  86  94  54  79  83  75
8  83  26  57  50  55  10  97
29  17 104  59 109  70  28 103
86   9  29  75  49  30  42 126
79 100  59 100  13  18  55  27
40  65 103  22  83  43  43   8
7  50 107   4  27  36  81  98
20  61  53 100  62 109  89  26
124  92  87   2  92  44  87 116
110 126   5  61  87  55  67  11
33   4  26   9  85  27 119  74
76  68  20 107  66  24  52 116
44   9  19   0  75  35  29  30
2  18  94 118 101  99  58  48
18  15  94  17  68  53 118 103
37  39  32  40 100  40  33  86
8 116  88  37   4   1 112  96
11   5  89   9  37  56 120  64
3  91  29 101  15 121  54   1
72 109  67  98  77  36  10   6
55  36  12  59  44  77  55   3
50  95  93  61  64  61 101   2
27 113  65  78  96 111  32  96
92  30 100  99  36  20  86  77
98  33  24   8 110  16  92  80
30  41  84  92  94 123 105  64
3  88  48  18  92  32  26  75
10  67 107 113  18   1 109 115
49 116 101  85 112  81  70  12
119 107  37  44  38 120 109  64
98  24  84 121  45  19  13  12
122  98  63  85  63 114  55  64
75  36  90 105  90  24  93   2
103  43  56 118  65  62  87  75
97  58  19  77 123  80  98 105
83   6  74  87  82 111  28 124
89  57  94  14  85 110   9 121
20 115 117   1  87  85  17  41
40  68  87  84 109  96 127  43
62  52 115  62 116   0   4 110
2  60  91  10   9  89  50  56
38  74  68  23  15  67   1  34
94  65   7  88  44  74  78  26
98 118  34  84  76  46  87  95
111  52  56  38  29  99  64   8
70  57  13 126  17  18  17 126
43  54  11  31  95  22  53 125
104  83  63  95   3   0 125  23
72  41  93  42  57  20  27  49
28  70  56 127   6  73  40   4
57  45  75 113  47  77  30  29
119  84  51  40  64 127  94  94
52  36  50  94   7 115  43 123
79 124  45  98  22 113  45 125
45  45  46  24  68 118 112  67
56 127 100 119  44  49  98 124
91  43  30   9  44   8  89  46
8  96  84 111 104  17  10  50
50  63  30  91  69  25  19  53
82  94  59  20 111  32 114  56
102  73  12 117  83  91  11  17
110 124  21 110  37  49  38 104
110 106   3   1  91  63 111  60
110 121  32  70  48  84 116  91
125   3  97 104  34 117  42 109
42  87  89  38 116  90 105 106
9  54  67  83  45 111 108  31
52  86 124  86  23  84  82  45
71  99   6  43  65  93  31  10
99 121   6  96 126  18  59 127
44  43  71  25 100  49 114  40
75 127  53  12  77  40 114 118
109 112  99   6  89  27  81  48
66 107   6 100 106 100   4 110
127  82 119  27  39  13 105  29
92 124  53  48 122  88  62 126
22  50  96  64  18  56  39  39
110  52  63 122  97  85  44   0
41  50  59  32  31  12  57  71
14  83  98  10  69 108  28  13
107  50 102  35  19  59  11  54
16  92  27 106  11 111  27 125
83  83 124 114 115  53  74 110
10  14  38  98  87 109 118 106
20 119  91 117   5  44 100  39
80 108   1 123  15  57  58  45
36  62  32  87  76  16   4  90
120  53 104 127  88  99  51  94
56   9  41 127  15  20  25  64
85 107  88 118  22  59 111  87
69 122  17  24  82  38  80  82
126  78  16  42 111  84  59  49
127 113  54   9  90 121  20  74
72  97  10  35  71 126  35  69
93  15  53 124  44 126  20  31
71  99   5  43  68  74 118  43
19  54 108  91  14 102  60  12
80  86 126  74  75   9  63  61
21   6 118  77   3  33  57   9
121 123  49  74   0  76  76  19
25  96  49  60  82  96 121  80
22  83  28  51  73 100  41   8
21 102  59  81 126  21  40  88
61  31 123  79  75  99  37  51
60 120 111 118  78 113  51  92
66  95  76  38 106  24  75 110
4  55 107  82  70 100  72  84
58  86  75   1  76  21 105  81
34   5  13  79  43  32  82 121
123   3 118 106  86  44  12  54
10   2 112  22   2  21   0  69
25  40   9  41  44 109   0  54
115  15 115  16  17 117  62 111
105  70   2  72  52  40  83  42
80  78  49 102  91  49  58 114
1  29  29  15  18 112  82  42
88  31   9   0  39 121  96   6
53  48  88   8  44  21  10  16
126  35  22   9 121  63  93  36
27  62 112 123  39  40  71 117
120  59  55 105  22  51  30   6
7  73  97 114 104 122  24  49
60   9   7  73   3  71  81  35
15  18 104  53  19  28  72  94
125 110 101  17   5  44  97  54
6  26   3  77  13  95 101  85
48   9 108 108  34  82 125  55
4  33 110   4 125  84  59  46
12  61 123  65  29 106  18  95
91  42  39  99  70  76  89  67
5  42  45  59 125 103  75  40
34 116 107  50  13  89  10  45
80  50  97  65   6 119  23  73
46   1  54 122  57  74  92  69
97 117  51 126  61  14  34  61
18  18  69   5 109  50  27  35
110  84 127  89 103  91  90  60
38  40  22  91  14  96  86  33
109 112 100 125   9  79 106  63
124   3 102  70  66 103  88  88
17  43  61  81 104  28  65   0
107  38  49  78 110  23  47  32
80  37  41 127  10  51  12 119
7  80  52  60  55   1  40  20
95  64   4 112  51  68  54  92
38   3 109  26   1 118  79  10
50  28 107  78 103  65 110  42
92   0  25  49 113   7 114  30
0  26  58   0 109  91  32  26
127  72  52   9 110   5  30  39
61  92  16  48  73   2 121  35
35  27 124 107  27   1  32  63
29  65  73  71  65 103 103   0
29 124 109  97  94  76   5  63
23 109   1 110  88 124  21  41
3  42  68  51  91 119  25  63
94  62  23  14  85 114 114  87
41  39   0 107 120  84 106  25
104  87  39  79  59  57  43   3
36  52  91  81  89 114  69 102
106  24  14  28  81   3  43 102
74  81  84 111 101  36  54 126
89  34 105  29  27  65  33 122
47  65  40  13  63 122  12 123
106  87  21  59  94  35 121 119
41   3  83  53  76  68  82  54
17  87  46  30  31  26  97  86
76  90  19  47  50  21  86  72
5   4  19  49  36  88  68  80
109  69 100   4  86  61  36   9
57 126  96  28 112  78  81  95
34   5   4 126  92  77  11  19
100  38 114  71  74  45 117  58
63  29 111  38  42  22  22  63
121  29 102  93  53 101  91  92
90  76  99  67 101  41  19  37
46  69  25  69 120  39 114 125
71  21  93  97 114  87  15  31
120  62  40  42  23 101 102  23
27  55  24  71 117  49  86  70
12 105 112 115  88  80  36  97
44  52  20 126  83   9 119 114
95 104  14  74  62  88  89  86
14  77  12  79  50 110  61  61
38  27  95  24  15  47 115  46
23   2 125  68 119  51  53   0
85  36   0   7  81  69  30  98
91  22  37  38  71 103  46  84
35  98  78 126  72  76  72  43
47   8   0 125   6  93  51  17
3 121 102  39 121  53  28   3
41  26  76  19  90  36  18  81
44  71  37 107  41  48   9  33
29  77   6 111  39  15  88 109
17 111  40 115  93  47  59   0
32  98 106  93  20  46  82 125
104  81  76  40  90  98  32  89
8  89 117 100   3  82  12  91
38  14  46  51  38  59  99  35
105 117 101  77  28  12  84  32
0   8  43 125   4 106 115  24
25  53  55  34  66  45  55  37
106  95  96  47 123  97 124  50
44  91  39  43  27  70   2   2
27 116  43  49  79  81 108  41
120 104  50 113  11  41  65  17
7 105  39  46   5  42 110 118
16  29  22  63  56 101  67 106
98  30  50  14  98  30 113  83
76 122  80  27   6  76  19 104
34  52 105 122 107  29  34  55
62  66  28  80  28 112 126  34
124  13  41  90 102  89 108  93
61 116 119 103  93  33  19 113
102  73  16  89  86  67 126  61
94  82  32  39 110 111  29 112
19  73 121  94   2  11  68  16
117  93  17  28  53  45  42 118
120  47   2  20 110  34 107  79
23  86   9  13  87 107   7  29
76  91   8  98  95  59  97  52
25  61   5   3  57 122  64  61
3 110  41 114  90  68  82  55
17  84  65  72 127 107  36 113
81  74  64  46  36 113  43  17
84  29  59 100  14  15  62  16
45  15 107  61  67  49  25  59
117  87  47  32  13 119  92  51
74  30   8   9 122  53  10 110
75   4  27   7  95 116  10  53
30  25  50  59  80 111  42  36
107 100  59  95  41  23  23  45
94  96  71  61   9  16 102  20
41 122  13  51  82  50  14 116
127  20 101  54  42   8 107  57
26   5  77  75 125  84  61  37
54  23 103  16 120   9  39  76
20   7 121  49  15  80  49  23
120   9 108 116 120   4  70  68
43  65  77  46  46  53  54 100
122  75  79  75 112  41  53  92
52  52  71  74  63  86  90 100
48 127  47  62  99 105  34  11
69  33  35  78 103  67 106  50
81   4 103  53  24 118 120  12
51   8  95  67  10  76 115  37
80 126  21  91  19  65 102  88
17  43  56 116  78   4  66  86
99  75  23  24  25 122  89  38
54  12  41 103  23  59  99  32
127  14   8  21  47  19 124 113
55 105 114 103  11   2  36  26
89  39  71  58  26  61  62 112
104  70  14 125  15  43  18  30
102  56 112  50  96 104  75  30
94  99  58 113  71  69 121  68
91  33  95 101  68  70  16  52
110  64 116  76  25  34 104 102
45   3  51 123  77  71  59  41
46  32 121  88  42  83  42  29
16  64  71  95  63  29  56  56
115   2  69  29  94  42  77  66
123 120  58  56  31  56  52  88
81  40  21 101  91  54  29 109
33  12 104 112  50  74  28  69
29  18 103  56   6  74  41 120
120  29 109  49 125  67  30 117
108   3 120  96   3 118  60 124
53  13  40  98  69  85  38  34
20 122  68 101  56  11 100  81
77 124  52  45  16 113  97  70
42  58   8  17  73  25 110  17
117  76 112 123  34  71  61  25
1  66  66 108  28 115 102  21
34  29 120 118 127  73 101  20
48  83  47  63  86  41  26 118
9  80  41   5 110  40  72 112
12 112  75  20  91  12  23  12
30   6  31  82 115  84  19  38
41  89  83  52  81  46  42 113
24  33  57  70  84 126  49 112
92  14  70  39  29  94  96 125
106  65  19  10  20  24  81  70
59  81  94  54  99  46   5  75
74  72  10   7 122  83  95  97
26  35  26 107   9 111  39  50
46  86  58 101   9  31   8  58
14  69  55  14  52  51  19  76
73  76   2  15   8  46  58  11
109  56  49  41  72  74  85 113
17  75 126  45 123 113  33  75
75  60  70   4 107  68  60  59
58  53  11  40  39  24  42  53
126  84 114  40   1 116  83   3
59  42  70  40  17  20   2  65
26  63 115  95  49 106 104  97
72  12  12  24 127  24  23  41
117 127  69  50  93 118   8  48
85 123 121  32 116  18  21 100
34  85  38 105  45  43 127   7
25  88 108  40  55  54 105  45
121  65  18  13   4  89  91  63
7  68   1  91  75 115  65 124
12   6  71 104   8  18 105 115
85  33  21  32 119 122   8  10
50  35  65   2  29  37  54 122
120  15  69  34  63  61 109  80
127  90  62  37 105  36  14 110
37 111 110  72 105 109  93   8
73  44  59  89  81  96   0  39
81  99  45  60 120 122   3  41
36  90 115 104 121 107  87  63
49  75  95 103  50  22  78 110
102 101 102  90  71  20  32  15
57  73  33 115  29  49 106  79
35  13  79 121  95 110  42  48
32  60  80  71 125 125  68   6
48  84  43  77  40  72   0 122
89  71   9  13  87 107  10  10
35 124  56  31  68  53 112   7
26  75  41  46 112  43  40  22
80   3 115 121  27   5   7  48
89 104  77  83  77  47  75  34
76  45  23  35  80  73  18  13
73 127  82 101  51  39  96 103
109 122  36  39  73  82  29 120
96  49  86  13  40   5  21  94
72  42  85  77  42  49 118  10
82  96  52  52 111 121  86  65
48  64  39  31  89  55  42  27
22  44  10   3  15 117  80   7
60 123  88 101 123 117   6  70
96 118  53  98  76  42 112 107
65  92 101  41 116  60  22  98
36  96  82 124  43   8 100 101
83  38  10  51 106  30  41   8
25  74  62  57 113  65  24  47
71  89  69  13  66 106  74  18
50  85  23  66  35  69  57  64
51  53  82 127  32  51  70  25
37  99  56 127   7  70  53  83
107  60  46  18 106  72  44 118
103  20  63  27  32  53  55  96
4  47  23  16  69  60  71  66
45  73   9 125  53  66  46  32
84  15  10   1  21  95  37  85
108  36  51  80  74  94  71  13
111  29  67  47   0  65  19  73
89   5  27 123  36  60 109  94
42  90  64  34 106  53  30 118
104  13  92  40  72  74  79  14
27   6  61  36 121  75  18 118
80  30  84  65 123  60  89  85
23  35  56  61  18  84 125  34
4  88  33 109  67   1  57  44
50 114 109  55  89  97  44  19
59  28  30  22  99  74  90  76
65 116  90  26  52  68  43  33
104  12 105 101  98   9 107  47
89 106  59  48  72  12  73 102
65   8  96  68   4 111  88  13
80  84  14   1 121  11  17  59
59  49  30  90  78 108  79  95
58 116  15  86 109  83  81  57
11 105   2  17   5  50  59  94
109  76  60  57   9  51  22  56
38  80  39  18  46  50  75   3
125  27  81 114 113  62  44  82
64  71 107  70  15  28 108   8
64  98  76  11  11  68  33  95
80 111 108  86  43  97  73 101
74 100 105  76 123  85  66 121
9  42   5  42  73  52  81  83
112  32  38  63  39  68  28 121
98  25  85 109 109   3  48  75
71  89  63  44  52  33 124 120
14  27  55   7  92   2  83   6
38  14  50  29   7  61 110  78
3  83  74  33  27  31 104 126
31   1  60  90  68  41  64  22
118  33 105  35 111  14  90 107
9  51  89 108  80  54 127  38
92  39  51  56  94  62  89  70
120 100  70  29  82 117 119  26
106  69   3  72  43  97  79  72
66  23   1 118  45  56  55  73
20  28 120 123  93 103 107 106
123  11  70  63   6  14  10  77
17  14 110  60  56   2  24 102
120  66  19   1  68  74 126 127
84  58   1  50  65  34   6  52
79 125  37   6   9 123  95 119
20   4  16  71  61 121  31  13
84  61 120  86  61 116  60  15
68  10  54  37  49 119  18 106
28  66  73  59   3  68  96  96
26  47  82  51  98  79  75   4
125  15  22  61  65  62  89  66
11  19   0  27  86 111 119  85
12  99  28  37  27 114 116  79
76  24  28  70  81  11   3  21
28  64  87 125 120  49  61  96
82  94  69  94  87  17  29  61
69 103   5  14 122  12   2  13
82  70  87  74  47  53  49   6
89  89  34  96   9  84  80  49
64 113 111  52  93 102 108 106
111  86 107  60  72  26 116  99
83  65 105   5  39  85  60  32
91  96  94  44  28  47 123 124
126  86 100 102  16 117  77  35
51  57  56 120  44  37  49  22
119  18  60  64  94 116  12  43
75  96 117  42  91  75  36  11
51  21  14  59  23  70  38  49
57  23  83  10  78  52  33 113
103  64  55  66 127  25   9 111
80  94  78  34 108  47  53  36
8  52  83 125  27  97  96  93
40 120  36  58  87  79  44  59
75  83  65  85  48  77  27  52
19 100  81  92 119  99  20  16
37  61  29 114  67  79 100 109
40 100  19  80 111 126  58  59
74  84  68  63  25  23  42  65
60 121 102  31  37 112  43  23
49  55  83 100  56  23  25  41
99 100   8  19  61  74  51  58
13  74  39  73 100 127  30  95
114  38 117  53  29  93  96   0
85  43  93  25  33  65 102  91
126 127 107  76 106  58 127   0
60  61  82  59  54  13  95  86
93 114 102 100   8  50  29  21
56  32  35  90  39  85  53  73
36  62  36  68  29  87   6  85
126  53  44  93  58  74  85 110
38 101  33 117  14 120  73  28
3  30  12 110 114  92 109  60
123  39  27  64 127  39  49   1
123  59  31 118  21  61 104 110
117   7  15  48  86  54  75  94
93  46   2  31  41  94 117 124
43  69  57  11  56  52 102  75
92  86  19  80 114 111   1  32
113  97  22  92   9 116  13  35
111  86 109  51 117  97  55  81
93  29 100 108 111   6  14 125
73  15 110  49 119 102   6  74
67 122  31  66  78  59 118  50
96  32  51 115 125 111  26   3
57  57   5  42  77  35  18  93
105 109  25  98  76  44  97  53
19  90  19  43  78  17 110  85
89  20  61  39 106  15   6  89
102  32   5  14 121  21  88  52
101 120 124  43  26  73 120  41
8  10  88  93  49   1  93  82
2  57 115  23  99  74  99  29
13  90  74  96  27 100  74  73
100  56 127  83   9  67  53 110
74  17  88  33  30  16  43 114
2  23  61  10  17  38  26  21
85 112  62 104  93  22  79 102
15  54  11  36  64  36 127  75
2 119 121  62  61  72  65 125
2  54   4  74  27  45  17  10
103 105  72 109 101  53  78  81
14 121   6 100 104 115  61   9
88  69  37 126  55  48   5  59
41  31  46  29  42 103  49  67
106  77  79  57  91  73  49  83
8   9  90  92  40  57  89 112
115   2  67  39  52  80  96 116
32  89  37  76 102  91  98  10
7  36  61  18 104  88  95  52
38 111 109  84  41 125  58  72
124  54  59   2  91  49  59 111
14 108  79  30 118  17  13  37
102 119 121  65  52 108  64  60
15  50  41  20  18  71  72  89
26 105 117  87  85  90 124 117
28  97  22  93   3  17  24  93
46  77 107  13 102  12  60  51
107  90 116  99  12  32 107 107
118  36  88 110  74  83  13  78
114  63  97  79  52 100 109 122
7  47 123  64  38  65  59  96
100 112  56  11  63  14  11  69
55 110  78  14  97  37  84  66
55  14  23  62  50  17 114  68
27  36  17  33  30  17  37  12
32 122  92  82  82  27  16  48
6  80  63   0  66  87  59  25
19  86  34 112  36  32  17   3
15  52  21 119 115   7  98 127
71   3  72   1 110  79  98 116
11  81  17  13  22 113  40  26
48  32 105  46  51  25  49 126
14 103 111  11  80  40  90   1
2  16 100  95  58  49 105  89
109 121  45 123   5 124   5  14
51 115  84  63   7   5  57 126
62  70   7  37  91 126 118  90
121  43  24  54  95  73  14  39
85  80 123  18  54 127  57  61
71  88  75 109  71 108  19  75
71  88  69  12  60  16  28  81
83  91  76  76   4  31  55  37
106  95  99  28  82   2  44 111
18  86  54 126  28  84  38  45
82  38  18  10  28 102  53  48
56  41 104 107  82  60  78  28
